1001827812662
1001781413045
1001754095061
1001335605921
1001381200684
1001266391544
1001594522150
1001622654998
1001553551852
1001652601224
1001756316676
1001570465572
1001552004524
1001483974324
1001700314832
1001802738647
1001902940198
1001784672307
1001876892342
1001354362183
1001678077087
1001610025737
1001875926386
1001638584536
1001939319331
1001542874694
1001727857237
53435331
1001736408651
1001390568202
1001951607691
1001445597598
1001555625124
1001958769297
1001763937690
1001155784837
1001712336017
1001802987813
1001517276918
1001493720845
1001811660935
1001212188460
1001639782635
1001304556087
1001334235147
1001628956682
1001796921326
1001646418210
1001566185302
1001429617152
1001579530813
1001747188464
1001833426987
1001976579456
1001478129073
1001520053536
1001265726179
1001743387695
1001861182538
1001813373578
1001869308849
1001890237953
1001895315984
1001247669856
1001743646628
1001545538308
1001164308989
1001628958709
1002014841058
1001466074174
1001498552432
1001869173929
1001620523311
1001375265989
1001129197833
1001958394393
1001630692598
1001581584395
1001643557609
1001578597359
1001262962760
1001633300258
1001656921849
1001741127304
1001317169843
1001939452549
1001487278892
1001693869876
1001691583887
1001537586252
1001485948473
1001582520126
1001137378019
1001866690835
1001913353132
1001543510066
1001755199088
1001849045841
1001629038556
1001590450482
1001923937471
1001728352170
1001851376857
1001553917296
1001213141511
1001265774573
1001882052882
1001237107805
1001338293070
1001430828132
1001239810901
1001755064566
1001432529525