1001073413076
1001165905101
1001187885737
1001226219964
1001233154810
1001242131069
1001262962760
1001266391544
1001267170242
1001319961055
1001335605921
1001354362183
1001358257683
1001445597598
1001484533565
1001493720845
1001503545079
1001522658481
1001558796279
1001561913115
1001562893808
1001576869923
1001578597359
1001581584395
1001591323415
1001593982841
1001595494745
1001597085576
1001610165996
1001620523311
1001620636789
1001626560749
1001630692598
1001633253042
1001644656268
1001679277119
1001701250221
1001706073272
1001713610894
1001725436933
1001735837378
1001741127304
1001742443873
1001743466466
1001747188464
1001754519581
1001763937690
1001791271427
1001800752530
1001803605330
1001811660935
1001813956583
1001839754492
1001844050809
1001851376857
1001851528268
1001853603830
1001869173929
1001875489882
1001901167371
1001909074013
1001912369868
1001913702354
1001914765211
1001921958123
1001931431148
1001931668735
1001938587923
1001939888914
1001952395723
1001959236719
1001962526034
1001985977187
1001989417315
1002009461691
1002012661079
1002076436158
1002100724272
1002103427488
1002110197679
